ImageNumber	ObjectNumber	Location_Center_X	Location_Center_Y	Number_Object_Number	Parent_bf1
1	1	27.0	27.0	1	1
1	2	27.0	82.0	2	2
1	3	27.0	137.0	3	3
1	4	27.0	192.0	4	4
1	5	27.0	247.0	5	5
1	6	27.0	302.0	6	6
1	7	27.0	357.0	7	7
1	8	27.0	412.0	8	8
1	9	27.0	467.0	9	9
1	10	27.0	522.0	10	10
1	11	27.0	577.0	11	11
1	12	27.0	632.0	12	12
1	13	27.0	687.0	13	13
1	14	27.0	742.0	14	14
1	15	27.0	797.0	15	15
1	16	82.0	27.0	16	0
1	17	82.0	82.0	17	0
1	18	82.0	137.0	18	0
1	19	82.0	192.0	19	0
1	20	82.0	247.0	20	0
1	21	82.0	302.0	21	0
1	22	82.0	357.0	22	0
1	23	82.0	412.0	23	0
1	24	82.0	467.0	24	0
1	25	82.0	522.0	25	0
1	26	82.0	577.0	26	0
1	27	82.0	632.0	27	0
1	28	82.0	687.0	28	0
1	29	82.0	742.0	29	0
1	30	82.0	797.0	30	0
1	31	137.0	27.0	31	0
1	32	137.0	82.0	32	0
1	33	137.0	137.0	33	0
1	34	137.0	192.0	34	0
1	35	137.0	247.0	35	0
1	36	137.0	302.0	36	0
1	37	137.0	357.0	37	0
1	38	137.0	412.0	38	0
1	39	137.0	467.0	39	0
1	40	137.0	522.0	40	0
1	41	137.0	577.0	41	0
1	42	137.0	632.0	42	0
1	43	137.0	687.0	43	0
1	44	137.0	742.0	44	0
1	45	137.0	797.0	45	0
1	46	192.0	27.0	46	0
1	47	192.0	82.0	47	0
1	48	192.0	137.0	48	0
1	49	192.0	192.0	49	0
1	50	192.0	247.0	50	0
1	51	192.0	302.0	51	0
1	52	192.0	357.0	52	0
1	53	192.0	412.0	53	0
1	54	192.0	467.0	54	0
1	55	192.0	522.0	55	0
1	56	192.0	577.0	56	0
1	57	192.0	632.0	57	0
1	58	192.0	687.0	58	0
1	59	192.0	742.0	59	0
1	60	192.0	797.0	60	0
1	61	247.0	27.0	61	0
1	62	247.0	82.0	62	0
1	63	247.0	137.0	63	0
1	64	247.0	192.0	64	0
1	65	247.0	247.0	65	0
1	66	247.0	302.0	66	0
1	67	247.0	357.0	67	0
1	68	247.0	412.0	68	0
1	69	247.0	467.0	69	0
1	70	247.0	522.0	70	0
1	71	247.0	577.0	71	0
1	72	247.0	632.0	72	0
1	73	247.0	687.0	73	0
1	74	247.0	742.0	74	0
1	75	247.0	797.0	75	0
1	76	302.0	27.0	76	0
1	77	302.0	82.0	77	0
1	78	302.0	137.0	78	0
1	79	302.0	192.0	79	0
1	80	302.0	247.0	80	0
1	81	302.0	302.0	81	0
1	82	302.0	357.0	82	0
1	83	302.0	412.0	83	0
1	84	302.0	467.0	84	0
1	85	302.0	522.0	85	0
1	86	302.0	577.0	86	0
1	87	302.0	632.0	87	0
1	88	302.0	687.0	88	0
1	89	302.0	742.0	89	0
1	90	302.0	797.0	90	0
1	91	357.0	27.0	91	0
1	92	357.0	82.0	92	0
1	93	357.0	137.0	93	0
1	94	357.0	192.0	94	0
1	95	357.0	247.0	95	0
1	96	357.0	302.0	96	0
1	97	357.0	357.0	97	0
1	98	357.0	412.0	98	0
1	99	357.0	467.0	99	0
1	100	357.0	522.0	100	0
1	101	357.0	577.0	101	0
1	102	357.0	632.0	102	0
1	103	357.0	687.0	103	0
1	104	357.0	742.0	104	0
1	105	357.0	797.0	105	0
1	106	412.0	27.0	106	0
1	107	412.0	82.0	107	0
1	108	412.0	137.0	108	0
1	109	412.0	192.0	109	0
1	110	412.0	247.0	110	0
1	111	412.0	302.0	111	0
1	112	412.0	357.0	112	0
1	113	412.0	412.0	113	0
1	114	412.0	467.0	114	0
1	115	412.0	522.0	115	0
1	116	412.0	577.0	116	0
1	117	412.0	632.0	117	0
1	118	412.0	687.0	118	0
1	119	412.0	742.0	119	0
1	120	412.0	797.0	120	0
1	121	467.0	27.0	121	0
1	122	467.0	82.0	122	0
1	123	467.0	137.0	123	0
1	124	467.0	192.0	124	0
1	125	467.0	247.0	125	0
1	126	467.0	302.0	126	0
1	127	467.0	357.0	127	0
1	128	467.0	412.0	128	0
1	129	467.0	467.0	129	0
1	130	467.0	522.0	130	0
1	131	467.0	577.0	131	0
1	132	467.0	632.0	132	0
1	133	467.0	687.0	133	0
1	134	467.0	742.0	134	0
1	135	467.0	797.0	135	0
1	136	522.0	27.0	136	0
1	137	522.0	82.0	137	0
1	138	522.0	137.0	138	0
1	139	522.0	192.0	139	0
1	140	522.0	247.0	140	0
1	141	522.0	302.0	141	0
1	142	522.0	357.0	142	0
1	143	522.0	412.0	143	0
1	144	522.0	467.0	144	0
1	145	522.0	522.0	145	0
1	146	522.0	577.0	146	0
1	147	522.0	632.0	147	0
1	148	522.0	687.0	148	0
1	149	522.0	742.0	149	0
1	150	522.0	797.0	150	0
1	151	577.0	27.0	151	0
1	152	577.0	82.0	152	0
1	153	577.0	137.0	153	0
1	154	577.0	192.0	154	0
1	155	577.0	247.0	155	0
1	156	577.0	302.0	156	0
1	157	577.0	357.0	157	0
1	158	577.0	412.0	158	0
1	159	577.0	467.0	159	0
1	160	577.0	522.0	160	0
1	161	577.0	577.0	161	0
1	162	577.0	632.0	162	0
1	163	577.0	687.0	163	0
1	164	577.0	742.0	164	0
1	165	577.0	797.0	165	0
1	166	632.0	27.0	166	0
1	167	632.0	82.0	167	0
1	168	632.0	137.0	168	0
1	169	632.0	192.0	169	0
1	170	632.0	247.0	170	0
1	171	632.0	302.0	171	0
1	172	632.0	357.0	172	0
1	173	632.0	412.0	173	0
1	174	632.0	467.0	174	0
1	175	632.0	522.0	175	0
1	176	632.0	577.0	176	0
1	177	632.0	632.0	177	0
1	178	632.0	687.0	178	0
1	179	632.0	742.0	179	0
1	180	632.0	797.0	180	0
1	181	687.0	27.0	181	0
1	182	687.0	82.0	182	0
1	183	687.0	137.0	183	0
1	184	687.0	192.0	184	0
1	185	687.0	247.0	185	0
1	186	687.0	302.0	186	0
1	187	687.0	357.0	187	0
1	188	687.0	412.0	188	0
1	189	687.0	467.0	189	0
1	190	687.0	522.0	190	0
1	191	687.0	577.0	191	0
1	192	687.0	632.0	192	0
1	193	687.0	687.0	193	0
1	194	687.0	742.0	194	0
1	195	687.0	797.0	195	0
1	196	742.0	27.0	196	0
1	197	742.0	82.0	197	0
1	198	742.0	137.0	198	0
1	199	742.0	192.0	199	0
1	200	742.0	247.0	200	0
1	201	742.0	302.0	201	0
1	202	742.0	357.0	202	0
1	203	742.0	412.0	203	0
1	204	742.0	467.0	204	0
1	205	742.0	522.0	205	0
1	206	742.0	577.0	206	0
1	207	742.0	632.0	207	0
1	208	742.0	687.0	208	0
1	209	742.0	742.0	209	0
1	210	742.0	797.0	210	0
1	211	797.0	27.0	211	0
1	212	797.0	82.0	212	0
1	213	797.0	137.0	213	0
1	214	797.0	192.0	214	0
1	215	797.0	247.0	215	0
1	216	797.0	302.0	216	0
1	217	797.0	357.0	217	0
1	218	797.0	412.0	218	0
1	219	797.0	467.0	219	0
1	220	797.0	522.0	220	0
1	221	797.0	577.0	221	0
1	222	797.0	632.0	222	0
1	223	797.0	687.0	223	0
1	224	797.0	742.0	224	0
1	225	797.0	797.0	225	0
2	1	27.0	27.0	1	15
2	2	27.0	82.0	2	23
2	3	27.0	137.0	3	36
2	4	27.0	192.0	4	60
2	5	27.0	247.0	5	66
2	6	27.0	302.0	6	80
2	7	27.0	357.0	7	102
2	8	27.0	412.0	8	115
2	9	27.0	467.0	9	123
2	10	27.0	522.0	10	137
2	11	27.0	577.0	11	153
2	12	27.0	632.0	12	167
2	13	27.0	687.0	13	185
2	14	27.0	742.0	14	199
2	15	27.0	797.0	15	217
2	16	82.0	27.0	16	3
2	17	82.0	82.0	17	26
2	18	82.0	137.0	18	32
2	19	82.0	192.0	19	55
2	20	82.0	247.0	20	61
2	21	82.0	302.0	21	86
2	22	82.0	357.0	22	95
2	23	82.0	412.0	23	120
2	24	82.0	467.0	24	129
2	25	82.0	522.0	25	151
2	26	82.0	577.0	26	163
2	27	82.0	632.0	27	174
2	28	82.0	687.0	28	186
2	29	82.0	742.0	29	208
2	30	82.0	797.0	30	220
2	31	137.0	27.0	31	4
2	32	137.0	82.0	32	18
2	33	137.0	137.0	33	40
2	34	137.0	192.0	34	52
2	35	137.0	247.0	35	67
2	36	137.0	302.0	36	81
2	37	137.0	357.0	37	98
2	38	137.0	412.0	38	121
2	39	137.0	467.0	39	132
2	40	137.0	522.0	40	140
2	41	137.0	577.0	41	154
2	42	137.0	632.0	42	168
2	43	137.0	687.0	43	187
2	44	137.0	742.0	44	205
2	45	137.0	797.0	45	224
2	46	192.0	27.0	46	5
2	47	192.0	82.0	47	24
2	48	192.0	137.0	48	33
2	49	192.0	192.0	49	53
2	50	192.0	247.0	50	69
2	51	192.0	302.0	51	82
2	52	192.0	357.0	52	99
2	53	192.0	412.0	53	107
2	54	192.0	467.0	54	126
2	55	192.0	522.0	55	138
2	56	192.0	577.0	56	155
2	57	192.0	632.0	57	175
2	58	192.0	687.0	58	191
2	59	192.0	742.0	59	209
2	60	192.0	797.0	60	221
2	61	247.0	27.0	61	6
2	62	247.0	82.0	62	19
2	63	247.0	137.0	63	41
2	64	247.0	192.0	64	46
2	65	247.0	247.0	65	71
2	66	247.0	302.0	66	78
2	67	247.0	357.0	67	96
2	68	247.0	412.0	68	111
2	69	247.0	467.0	69	133
2	70	247.0	522.0	70	144
2	71	247.0	577.0	71	159
2	72	247.0	632.0	72	176
2	73	247.0	687.0	73	183
2	74	247.0	742.0	74	198
2	75	247.0	797.0	75	225
2	76	302.0	27.0	76	14
2	77	302.0	82.0	77	20
2	78	302.0	137.0	78	34
2	79	302.0	192.0	79	54
2	80	302.0	247.0	80	72
2	81	302.0	302.0	81	87
2	82	302.0	357.0	82	103
2	83	302.0	412.0	83	116
2	84	302.0	467.0	84	134
2	85	302.0	522.0	85	145
2	86	302.0	577.0	86	156
2	87	302.0	632.0	87	169
2	88	302.0	687.0	88	192
2	89	302.0	742.0	89	206
2	90	302.0	797.0	90	214
2	91	357.0	27.0	91	7
2	92	357.0	82.0	92	16
2	93	357.0	137.0	93	31
2	94	357.0	192.0	94	56
2	95	357.0	247.0	95	62
2	96	357.0	302.0	96	83
2	97	357.0	357.0	97	106
2	98	357.0	412.0	98	108
2	99	357.0	467.0	99	127
2	100	357.0	522.0	100	146
2	101	357.0	577.0	101	164
2	102	357.0	632.0	102	170
2	103	357.0	687.0	103	188
2	104	357.0	742.0	104	200
2	105	357.0	797.0	105	215
2	106	412.0	27.0	106	13
2	107	412.0	82.0	107	25
2	108	412.0	137.0	108	42
2	109	412.0	192.0	109	57
2	110	412.0	247.0	110	74
2	111	412.0	302.0	111	77
2	112	412.0	357.0	112	100
2	113	412.0	412.0	113	118
2	114	412.0	467.0	114	128
2	115	412.0	522.0	115	141
2	116	412.0	577.0	116	157
2	117	412.0	632.0	117	181
2	118	412.0	687.0	118	182
2	119	412.0	742.0	119	201
2	120	412.0	797.0	120	218
2	121	467.0	27.0	121	8
2	122	467.0	82.0	122	27
2	123	467.0	137.0	123	45
2	124	467.0	192.0	124	48
2	125	467.0	247.0	125	73
2	126	467.0	302.0	126	91
2	127	467.0	357.0	127	92
2	128	467.0	412.0	128	117
2	129	467.0	467.0	129	135
2	130	467.0	522.0	130	150
2	131	467.0	577.0	131	160
2	132	467.0	632.0	132	177
2	133	467.0	687.0	133	189
2	134	467.0	742.0	134	197
2	135	467.0	797.0	135	219
2	136	522.0	27.0	136	9
2	137	522.0	82.0	137	21
2	138	522.0	137.0	138	35
2	139	522.0	192.0	139	49
2	140	522.0	247.0	140	64
2	141	522.0	302.0	141	79
2	142	522.0	357.0	142	93
2	143	522.0	412.0	143	112
2	144	522.0	467.0	144	136
2	145	522.0	522.0	145	139
2	146	522.0	577.0	146	161
2	147	522.0	632.0	147	178
2	148	522.0	687.0	148	190
2	149	522.0	742.0	149	210
2	150	522.0	797.0	150	226
2	151	577.0	27.0	151	10
2	152	577.0	82.0	152	29
2	153	577.0	137.0	153	43
2	154	577.0	192.0	154	58
2	155	577.0	247.0	155	75
2	156	577.0	302.0	156	88
2	157	577.0	357.0	157	97
2	158	577.0	412.0	158	119
2	159	577.0	467.0	159	131
2	160	577.0	522.0	160	147
2	161	577.0	577.0	161	165
2	162	577.0	632.0	162	171
2	163	577.0	687.0	163	194
2	164	577.0	742.0	164	207
2	165	577.0	797.0	165	212
2	166	632.0	27.0	166	1
2	167	632.0	82.0	167	17
2	168	632.0	137.0	168	37
2	169	632.0	192.0	169	47
2	170	632.0	247.0	170	68
2	171	632.0	302.0	171	89
2	172	632.0	357.0	172	104
2	173	632.0	412.0	173	109
2	174	632.0	467.0	174	124
2	175	632.0	522.0	175	142
2	176	632.0	577.0	176	162
2	177	632.0	632.0	177	179
2	178	632.0	687.0	178	193
2	179	632.0	742.0	179	202
2	180	632.0	797.0	180	222
2	181	687.0	27.0	181	11
2	182	687.0	82.0	182	22
2	183	687.0	137.0	183	44
2	184	687.0	192.0	184	59
2	185	687.0	247.0	185	63
2	186	687.0	302.0	186	84
2	187	687.0	357.0	187	94
2	188	687.0	412.0	188	113
2	189	687.0	467.0	189	125
2	190	687.0	522.0	190	148
2	191	687.0	577.0	191	158
2	192	687.0	632.0	192	172
2	193	687.0	687.0	193	195
2	194	687.0	742.0	194	203
2	195	687.0	797.0	195	223
2	196	742.0	27.0	196	12
2	197	742.0	82.0	197	30
2	198	742.0	137.0	198	38
2	199	742.0	192.0	199	50
2	200	742.0	247.0	200	65
2	201	742.0	302.0	201	85
2	202	742.0	357.0	202	105
2	203	742.0	412.0	203	110
2	204	742.0	467.0	204	122
2	205	742.0	522.0	205	143
2	206	742.0	577.0	206	166
2	207	742.0	632.0	207	173
2	208	742.0	687.0	208	196
2	209	742.0	742.0	209	204
2	210	742.0	797.0	210	213
2	211	797.0	27.0	211	2
2	212	797.0	82.0	212	28
2	213	797.0	137.0	213	39
2	214	797.0	192.0	214	51
2	215	797.0	247.0	215	70
2	216	797.0	302.0	216	90
2	217	797.0	357.0	217	101
2	218	797.0	412.0	218	114
2	219	797.0	467.0	219	130
2	220	797.0	522.0	220	149
2	221	797.0	577.0	221	152
2	222	797.0	632.0	222	180
2	223	797.0	687.0	223	184
2	224	797.0	742.0	224	211
2	225	797.0	797.0	225	216
3	1	27.0	27.0	1	7
3	2	27.0	82.0	2	25
3	3	27.0	137.0	3	32
3	4	27.0	192.0	4	55
3	5	27.0	247.0	5	64
3	6	27.0	302.0	6	89
3	7	27.0	357.0	7	105
3	8	27.0	412.0	8	120
3	9	27.0	467.0	9	137
3	10	27.0	522.0	10	141
3	11	27.0	577.0	11	165
3	12	27.0	632.0	12	172
3	13	27.0	687.0	13	187
3	14	27.0	742.0	14	207
3	15	27.0	797.0	15	219
3	16	82.0	27.0	16	8
3	17	82.0	82.0	17	19
3	18	82.0	137.0	18	44
3	19	82.0	192.0	19	56
3	20	82.0	247.0	20	65
3	21	82.0	302.0	21	77
3	22	82.0	357.0	22	100
3	23	82.0	412.0	23	116
3	24	82.0	467.0	24	134
3	25	82.0	522.0	25	146
3	26	82.0	577.0	26	154
3	27	82.0	632.0	27	176
3	28	82.0	687.0	28	183
3	29	82.0	742.0	29	208
3	30	82.0	797.0	30	217
3	31	137.0	27.0	31	1
3	32	137.0	82.0	32	16
3	33	137.0	137.0	33	33
3	34	137.0	192.0	34	47
3	35	137.0	247.0	35	74
3	36	137.0	302.0	36	78
3	37	137.0	357.0	37	95
3	38	137.0	412.0	38	109
3	39	137.0	467.0	39	132
3	40	137.0	522.0	40	147
3	41	137.0	577.0	41	158
3	42	137.0	632.0	42	173
3	43	137.0	687.0	43	188
3	44	137.0	742.0	44	200
3	45	137.0	797.0	45	218
3	46	192.0	27.0	46	9
3	47	192.0	82.0	47	21
3	48	192.0	137.0	48	40
3	49	192.0	192.0	49	61
3	50	192.0	247.0	50	71
3	51	192.0	302.0	51	87
3	52	192.0	357.0	52	96
3	53	192.0	412.0	53	110
3	54	192.0	467.0	54	124
3	55	192.0	522.0	55	148
3	56	192.0	577.0	56	163
3	57	192.0	632.0	57	180
3	58	192.0	687.0	58	189
3	59	192.0	742.0	59	204
3	60	192.0	797.0	60	214
3	61	247.0	27.0	61	2
3	62	247.0	82.0	62	22
3	63	247.0	137.0	63	34
3	64	247.0	192.0	64	50
3	65	247.0	247.0	65	72
3	66	247.0	302.0	66	90
3	67	247.0	357.0	67	101
3	68	247.0	412.0	68	117
3	69	247.0	467.0	69	126
3	70	247.0	522.0	70	152
3	71	247.0	577.0	71	159
3	72	247.0	632.0	72	177
3	73	247.0	687.0	73	193
3	74	247.0	742.0	74	199
3	75	247.0	797.0	75	220
3	76	302.0	27.0	76	12
3	77	302.0	82.0	77	17
3	78	302.0	137.0	78	37
3	79	302.0	192.0	79	51
3	80	302.0	247.0	80	67
3	81	302.0	302.0	81	91
3	82	302.0	357.0	82	97
3	83	302.0	412.0	83	121
3	84	302.0	467.0	84	127
3	85	302.0	522.0	85	142
3	86	302.0	577.0	86	155
3	87	302.0	632.0	87	169
3	88	302.0	687.0	88	190
3	89	302.0	742.0	89	212
3	90	302.0	797.0	90	224
3	91	357.0	27.0	91	10
3	92	357.0	82.0	92	23
3	93	357.0	137.0	93	38
3	94	357.0	192.0	94	57
3	95	357.0	247.0	95	68
3	96	357.0	302.0	96	79
3	97	357.0	357.0	97	106
3	98	357.0	412.0	98	115
3	99	357.0	467.0	99	135
3	100	357.0	522.0	100	138
3	101	357.0	577.0	101	160
3	102	357.0	632.0	102	178
3	103	357.0	687.0	103	191
3	104	357.0	742.0	104	209
3	105	357.0	797.0	105	213
3	106	412.0	27.0	106	3
3	107	412.0	82.0	107	28
3	108	412.0	137.0	108	35
3	109	412.0	192.0	109	60
3	110	412.0	247.0	110	75
3	111	412.0	302.0	111	80
3	112	412.0	357.0	112	92
3	113	412.0	412.0	113	111
3	114	412.0	467.0	114	125
3	115	412.0	522.0	115	143
3	116	412.0	577.0	116	153
3	117	412.0	632.0	117	174
3	118	412.0	687.0	118	194
3	119	412.0	742.0	119	205
3	120	412.0	797.0	120	221
3	121	467.0	27.0	121	4
3	122	467.0	82.0	122	30
3	123	467.0	137.0	123	41
3	124	467.0	192.0	124	52
3	125	467.0	247.0	125	66
3	126	467.0	302.0	126	88
3	127	467.0	357.0	127	98
3	128	467.0	412.0	128	122
3	129	467.0	467.0	129	136
3	130	467.0	522.0	130	140
3	131	467.0	577.0	131	161
3	132	467.0	632.0	132	181
3	133	467.0	687.0	133	197
3	134	467.0	742.0	134	201
3	135	467.0	797.0	135	222
3	136	522.0	27.0	136	13
3	137	522.0	82.0	137	18
3	138	522.0	137.0	138	36
3	139	522.0	192.0	139	58
3	140	522.0	247.0	140	69
3	141	522.0	302.0	141	81
3	142	522.0	357.0	142	102
3	143	522.0	412.0	143	112
3	144	522.0	467.0	144	133
3	145	522.0	522.0	145	139
3	146	522.0	577.0	146	166
3	147	522.0	632.0	147	170
3	148	522.0	687.0	148	196
3	149	522.0	742.0	149	210
3	150	522.0	797.0	150	225
3	151	577.0	27.0	151	14
3	152	577.0	82.0	152	26
3	153	577.0	137.0	153	45
3	154	577.0	192.0	154	48
3	155	577.0	247.0	155	62
3	156	577.0	302.0	156	82
3	157	577.0	357.0	157	93
3	158	577.0	412.0	158	108
3	159	577.0	467.0	159	128
3	160	577.0	522.0	160	149
3	161	577.0	577.0	161	162
3	162	577.0	632.0	162	182
3	163	577.0	687.0	163	195
3	164	577.0	742.0	164	198
3	165	577.0	797.0	165	215
3	166	632.0	27.0	166	11
3	167	632.0	82.0	167	20
3	168	632.0	137.0	168	42
3	169	632.0	192.0	169	49
3	170	632.0	247.0	170	63
3	171	632.0	302.0	171	83
3	172	632.0	357.0	172	103
3	173	632.0	412.0	173	118
3	174	632.0	467.0	174	123
3	175	632.0	522.0	175	150
3	176	632.0	577.0	176	167
3	177	632.0	632.0	177	175
3	178	632.0	687.0	178	184
3	179	632.0	742.0	179	211
3	180	632.0	797.0	180	226
3	181	687.0	27.0	181	5
3	182	687.0	82.0	182	27
3	183	687.0	137.0	183	31
3	184	687.0	192.0	184	53
3	185	687.0	247.0	185	73
3	186	687.0	302.0	186	85
3	187	687.0	357.0	187	94
3	188	687.0	412.0	188	113
3	189	687.0	467.0	189	129
3	190	687.0	522.0	190	151
3	191	687.0	577.0	191	156
3	192	687.0	632.0	192	179
3	193	687.0	687.0	193	185
3	194	687.0	742.0	194	206
3	195	687.0	797.0	195	223
3	196	742.0	27.0	196	6
3	197	742.0	82.0	197	24
3	198	742.0	137.0	198	43
3	199	742.0	192.0	199	59
3	200	742.0	247.0	200	70
3	201	742.0	302.0	201	84
3	202	742.0	357.0	202	99
3	203	742.0	412.0	203	114
3	204	742.0	467.0	204	130
3	205	742.0	522.0	205	144
3	206	742.0	577.0	206	164
3	207	742.0	632.0	207	168
3	208	742.0	687.0	208	186
3	209	742.0	742.0	209	202
3	210	742.0	797.0	210	216
3	211	797.0	27.0	211	15
3	212	797.0	82.0	212	29
3	213	797.0	137.0	213	39
3	214	797.0	192.0	214	54
3	215	797.0	247.0	215	76
3	216	797.0	302.0	216	86
3	217	797.0	357.0	217	104
3	218	797.0	412.0	218	119
3	219	797.0	467.0	219	131
3	220	797.0	522.0	220	145
3	221	797.0	577.0	221	157
3	222	797.0	632.0	222	171
3	223	797.0	687.0	223	192
3	224	797.0	742.0	224	203
3	225	797.0	797.0	225	227
4	1	27.0	27.0	1	1
4	2	27.0	82.0	2	8
4	3	27.0	137.0	3	12
4	4	27.0	192.0	4	19
4	5	27.0	247.0	5	22
4	6	27.0	302.0	6	29
4	7	27.0	357.0	7	32
4	8	27.0	412.0	8	36
4	9	27.0	467.0	9	44
4	10	27.0	522.0	10	47
4	11	27.0	577.0	11	51
4	12	27.0	632.0	12	55
4	13	27.0	687.0	13	60
4	14	27.0	742.0	14	61
4	15	27.0	797.0	15	65
4	16	82.0	27.0	16	2
4	17	82.0	82.0	17	9
4	18	82.0	137.0	18	11
4	19	82.0	192.0	19	20
4	20	82.0	247.0	20	21
4	21	82.0	302.0	21	26
4	22	82.0	357.0	22	31
4	23	82.0	412.0	23	39
4	24	82.0	467.0	24	41
4	25	82.0	522.0	25	45
4	26	82.0	577.0	26	52
4	27	82.0	632.0	27	53
4	28	82.0	687.0	28	58
4	29	82.0	742.0	29	62
4	30	82.0	797.0	30	66
4	31	137.0	27.0	31	3
4	32	137.0	82.0	32	6
4	33	137.0	137.0	33	13
4	34	137.0	192.0	34	18
4	35	137.0	247.0	35	24
4	36	137.0	302.0	36	30
4	37	137.0	357.0	37	33
4	38	137.0	412.0	38	38
4	39	137.0	467.0	39	43
4	40	137.0	522.0	40	48
4	41	137.0	577.0	41	49
4	42	137.0	632.0	42	56
4	43	137.0	687.0	43	59
4	44	137.0	742.0	44	63
4	45	137.0	797.0	45	67
4	46	192.0	27.0	46	4
4	47	192.0	82.0	47	10
4	48	192.0	137.0	48	15
4	49	192.0	192.0	49	16
4	50	192.0	247.0	50	23
4	51	192.0	302.0	51	27
4	52	192.0	357.0	52	35
4	53	192.0	412.0	53	40
4	54	192.0	467.0	54	42
4	55	192.0	522.0	55	46
4	56	192.0	577.0	56	50
4	57	192.0	632.0	57	54
4	58	192.0	687.0	58	57
4	59	192.0	742.0	59	64
4	60	192.0	797.0	60	68
4	61	247.0	27.0	61	5
4	62	247.0	82.0	62	7
4	63	247.0	137.0	63	14
4	64	247.0	192.0	64	17
4	65	247.0	247.0	65	25
4	66	247.0	302.0	66	28
4	67	247.0	357.0	67	34
4	68	247.0	412.0	68	37
4	69	247.0	467.0	69	0
4	70	247.0	522.0	70	0
4	71	247.0	577.0	71	0
4	72	247.0	632.0	72	0
4	73	247.0	687.0	73	0
4	74	247.0	742.0	74	0
4	75	247.0	797.0	75	0
4	76	302.0	27.0	76	0
4	77	302.0	82.0	77	0
4	78	302.0	137.0	78	0
4	79	302.0	192.0	79	0
4	80	302.0	247.0	80	0
4	81	302.0	302.0	81	0
4	82	302.0	357.0	82	0
4	83	302.0	412.0	83	0
4	84	302.0	467.0	84	0
4	85	302.0	522.0	85	0
4	86	302.0	577.0	86	0
4	87	302.0	632.0	87	0
4	88	302.0	687.0	88	0
4	89	302.0	742.0	89	0
4	90	302.0	797.0	90	0
4	91	357.0	27.0	91	0
4	92	357.0	82.0	92	0
4	93	357.0	137.0	93	0
4	94	357.0	192.0	94	0
4	95	357.0	247.0	95	0
4	96	357.0	302.0	96	0
4	97	357.0	357.0	97	0
4	98	357.0	412.0	98	0
4	99	357.0	467.0	99	0
4	100	357.0	522.0	100	0
4	101	357.0	577.0	101	0
4	102	357.0	632.0	102	0
4	103	357.0	687.0	103	0
4	104	357.0	742.0	104	0
4	105	357.0	797.0	105	0
4	106	412.0	27.0	106	0
4	107	412.0	82.0	107	0
4	108	412.0	137.0	108	0
4	109	412.0	192.0	109	0
4	110	412.0	247.0	110	0
4	111	412.0	302.0	111	0
4	112	412.0	357.0	112	0
4	113	412.0	412.0	113	0
4	114	412.0	467.0	114	0
4	115	412.0	522.0	115	0
4	116	412.0	577.0	116	0
4	117	412.0	632.0	117	0
4	118	412.0	687.0	118	0
4	119	412.0	742.0	119	0
4	120	412.0	797.0	120	0
4	121	467.0	27.0	121	0
4	122	467.0	82.0	122	0
4	123	467.0	137.0	123	0
4	124	467.0	192.0	124	0
4	125	467.0	247.0	125	0
4	126	467.0	302.0	126	0
4	127	467.0	357.0	127	0
4	128	467.0	412.0	128	0
4	129	467.0	467.0	129	0
4	130	467.0	522.0	130	0
4	131	467.0	577.0	131	0
4	132	467.0	632.0	132	0
4	133	467.0	687.0	133	0
4	134	467.0	742.0	134	0
4	135	467.0	797.0	135	0
4	136	522.0	27.0	136	0
4	137	522.0	82.0	137	0
4	138	522.0	137.0	138	0
4	139	522.0	192.0	139	0
4	140	522.0	247.0	140	0
4	141	522.0	302.0	141	0
4	142	522.0	357.0	142	0
4	143	522.0	412.0	143	0
4	144	522.0	467.0	144	0
4	145	522.0	522.0	145	0
4	146	522.0	577.0	146	0
4	147	522.0	632.0	147	0
4	148	522.0	687.0	148	0
4	149	522.0	742.0	149	0
4	150	522.0	797.0	150	0
4	151	577.0	27.0	151	0
4	152	577.0	82.0	152	0
4	153	577.0	137.0	153	0
4	154	577.0	192.0	154	0
4	155	577.0	247.0	155	0
4	156	577.0	302.0	156	0
4	157	577.0	357.0	157	0
4	158	577.0	412.0	158	0
4	159	577.0	467.0	159	0
4	160	577.0	522.0	160	0
4	161	577.0	577.0	161	0
4	162	577.0	632.0	162	0
4	163	577.0	687.0	163	0
4	164	577.0	742.0	164	0
4	165	577.0	797.0	165	0
4	166	632.0	27.0	166	0
4	167	632.0	82.0	167	0
4	168	632.0	137.0	168	0
4	169	632.0	192.0	169	0
4	170	632.0	247.0	170	0
4	171	632.0	302.0	171	0
4	172	632.0	357.0	172	0
4	173	632.0	412.0	173	0
4	174	632.0	467.0	174	0
4	175	632.0	522.0	175	0
4	176	632.0	577.0	176	0
4	177	632.0	632.0	177	0
4	178	632.0	687.0	178	0
4	179	632.0	742.0	179	0
4	180	632.0	797.0	180	0
4	181	687.0	27.0	181	0
4	182	687.0	82.0	182	0
4	183	687.0	137.0	183	0
4	184	687.0	192.0	184	0
4	185	687.0	247.0	185	0
4	186	687.0	302.0	186	0
4	187	687.0	357.0	187	0
4	188	687.0	412.0	188	0
4	189	687.0	467.0	189	0
4	190	687.0	522.0	190	0
4	191	687.0	577.0	191	0
4	192	687.0	632.0	192	0
4	193	687.0	687.0	193	0
4	194	687.0	742.0	194	0
4	195	687.0	797.0	195	0
4	196	742.0	27.0	196	0
4	197	742.0	82.0	197	0
4	198	742.0	137.0	198	0
4	199	742.0	192.0	199	0
4	200	742.0	247.0	200	0
4	201	742.0	302.0	201	0
4	202	742.0	357.0	202	0
4	203	742.0	412.0	203	0
4	204	742.0	467.0	204	0
4	205	742.0	522.0	205	0
4	206	742.0	577.0	206	0
4	207	742.0	632.0	207	0
4	208	742.0	687.0	208	0
4	209	742.0	742.0	209	0
4	210	742.0	797.0	210	0
4	211	797.0	27.0	211	0
4	212	797.0	82.0	212	0
4	213	797.0	137.0	213	0
4	214	797.0	192.0	214	0
4	215	797.0	247.0	215	0
4	216	797.0	302.0	216	0
4	217	797.0	357.0	217	0
4	218	797.0	412.0	218	0
4	219	797.0	467.0	219	0
4	220	797.0	522.0	220	0
4	221	797.0	577.0	221	0
4	222	797.0	632.0	222	0
4	223	797.0	687.0	223	0
4	224	797.0	742.0	224	0
4	225	797.0	797.0	225	0
5	1	27.0	27.0	1	13
5	2	27.0	82.0	2	25
5	3	27.0	137.0	3	36
5	4	27.0	192.0	4	54
5	5	27.0	247.0	5	76
5	6	27.0	302.0	6	84
5	7	27.0	357.0	7	101
5	8	27.0	412.0	8	120
5	9	27.0	467.0	9	135
5	10	27.0	522.0	10	145
5	11	27.0	577.0	11	158
5	12	27.0	632.0	12	172
5	13	27.0	687.0	13	185
5	14	27.0	742.0	14	200
5	15	27.0	797.0	15	226
5	16	82.0	27.0	16	7
5	17	82.0	82.0	17	16
5	18	82.0	137.0	18	37
5	19	82.0	192.0	19	60
5	20	82.0	247.0	20	71
5	21	82.0	302.0	21	85
5	22	82.0	357.0	22	96
5	23	82.0	412.0	23	109
5	24	82.0	467.0	24	129
5	25	82.0	522.0	25	151
5	26	82.0	577.0	26	156
5	27	82.0	632.0	27	173
5	28	82.0	687.0	28	186
5	29	82.0	742.0	29	202
5	30	82.0	797.0	30	228
5	31	137.0	27.0	31	8
5	32	137.0	82.0	32	26
5	33	137.0	137.0	33	38
5	34	137.0	192.0	34	48
5	35	137.0	247.0	35	66
5	36	137.0	302.0	36	79
5	37	137.0	357.0	37	93
5	38	137.0	412.0	38	115
5	39	137.0	467.0	39	137
5	40	137.0	522.0	40	152
5	41	137.0	577.0	41	162
5	42	137.0	632.0	42	169
5	43	137.0	687.0	43	191
5	44	137.0	742.0	44	203
5	45	137.0	797.0	45	218
5	46	192.0	27.0	46	2
5	47	192.0	82.0	47	27
5	48	192.0	137.0	48	42
5	49	192.0	192.0	49	55
5	50	192.0	247.0	50	62
5	51	192.0	302.0	51	88
5	52	192.0	357.0	52	104
5	53	192.0	412.0	53	116
5	54	192.0	467.0	54	130
5	55	192.0	522.0	55	142
5	56	192.0	577.0	56	159
5	57	192.0	632.0	57	170
5	58	192.0	687.0	58	199
5	59	192.0	742.0	59	213
5	60	192.0	797.0	60	221
5	61	247.0	27.0	61	9
5	62	247.0	82.0	62	28
5	63	247.0	137.0	63	31
5	64	247.0	192.0	64	50
5	65	247.0	247.0	65	67
5	66	247.0	302.0	66	86
5	67	247.0	357.0	67	97
5	68	247.0	412.0	68	121
5	69	247.0	467.0	69	123
5	70	247.0	522.0	70	143
5	71	247.0	577.0	71	154
5	72	247.0	632.0	72	178
5	73	247.0	687.0	73	196
5	74	247.0	742.0	74	204
5	75	247.0	797.0	75	222
5	76	302.0	27.0	76	10
5	77	302.0	82.0	77	29
5	78	302.0	137.0	78	32
5	79	302.0	192.0	79	51
5	80	302.0	247.0	80	63
5	81	302.0	302.0	81	89
5	82	302.0	357.0	82	92
5	83	302.0	412.0	83	108
5	84	302.0	467.0	84	136
5	85	302.0	522.0	85	149
5	86	302.0	577.0	86	164
5	87	302.0	632.0	87	171
5	88	302.0	687.0	88	189
5	89	302.0	742.0	89	205
5	90	302.0	797.0	90	219
5	91	357.0	27.0	91	3
5	92	357.0	82.0	92	21
5	93	357.0	137.0	93	33
5	94	357.0	192.0	94	56
5	95	357.0	247.0	95	68
5	96	357.0	302.0	96	90
5	97	357.0	357.0	97	94
5	98	357.0	412.0	98	110
5	99	357.0	467.0	99	131
5	100	357.0	522.0	100	139
5	101	357.0	577.0	101	163
5	102	357.0	632.0	102	182
5	103	357.0	687.0	103	187
5	104	357.0	742.0	104	209
5	105	357.0	797.0	105	223
5	106	412.0	27.0	106	6
5	107	412.0	82.0	107	18
5	108	412.0	137.0	108	39
5	109	412.0	192.0	109	57
5	110	412.0	247.0	110	64
5	111	412.0	302.0	111	77
5	112	412.0	357.0	112	95
5	113	412.0	412.0	113	117
5	114	412.0	467.0	114	132
5	115	412.0	522.0	115	140
5	116	412.0	577.0	116	160
5	117	412.0	632.0	117	174
5	118	412.0	687.0	118	192
5	119	412.0	742.0	119	206
5	120	412.0	797.0	120	224
5	121	467.0	27.0	121	11
5	122	467.0	82.0	122	17
5	123	467.0	137.0	123	45
5	124	467.0	192.0	124	46
5	125	467.0	247.0	125	72
5	126	467.0	302.0	126	80
5	127	467.0	357.0	127	98
5	128	467.0	412.0	128	111
5	129	467.0	467.0	129	124
5	130	467.0	522.0	130	146
5	131	467.0	577.0	131	165
5	132	467.0	632.0	132	179
5	133	467.0	687.0	133	188
5	134	467.0	742.0	134	201
5	135	467.0	797.0	135	215
5	136	522.0	27.0	136	4
5	137	522.0	82.0	137	30
5	138	522.0	137.0	138	43
5	139	522.0	192.0	139	52
5	140	522.0	247.0	140	69
5	141	522.0	302.0	141	78
5	142	522.0	357.0	142	99
5	143	522.0	412.0	143	118
5	144	522.0	467.0	144	126
5	145	522.0	522.0	145	141
5	146	522.0	577.0	146	166
5	147	522.0	632.0	147	175
5	148	522.0	687.0	148	193
5	149	522.0	742.0	149	207
5	150	522.0	797.0	150	227
5	151	577.0	27.0	151	14
5	152	577.0	82.0	152	22
5	153	577.0	137.0	153	44
5	154	577.0	192.0	154	47
5	155	577.0	247.0	155	73
5	156	577.0	302.0	156	87
5	157	577.0	357.0	157	100
5	158	577.0	412.0	158	112
5	159	577.0	467.0	159	133
5	160	577.0	522.0	160	147
5	161	577.0	577.0	161	161
5	162	577.0	632.0	162	180
5	163	577.0	687.0	163	197
5	164	577.0	742.0	164	208
5	165	577.0	797.0	165	229
5	166	632.0	27.0	166	5
5	167	632.0	82.0	167	23
5	168	632.0	137.0	168	40
5	169	632.0	192.0	169	49
5	170	632.0	247.0	170	65
5	171	632.0	302.0	171	91
5	172	632.0	357.0	172	102
5	173	632.0	412.0	173	113
5	174	632.0	467.0	174	134
5	175	632.0	522.0	175	150
5	176	632.0	577.0	176	155
5	177	632.0	632.0	177	176
5	178	632.0	687.0	178	194
5	179	632.0	742.0	179	210
5	180	632.0	797.0	180	220
5	181	687.0	27.0	181	1
5	182	687.0	82.0	182	24
5	183	687.0	137.0	183	34
5	184	687.0	192.0	184	58
5	185	687.0	247.0	185	74
5	186	687.0	302.0	186	81
5	187	687.0	357.0	187	103
5	188	687.0	412.0	188	119
5	189	687.0	467.0	189	127
5	190	687.0	522.0	190	148
5	191	687.0	577.0	191	157
5	192	687.0	632.0	192	183
5	193	687.0	687.0	193	195
5	194	687.0	742.0	194	211
5	195	687.0	797.0	195	216
5	196	742.0	27.0	196	15
5	197	742.0	82.0	197	19
5	198	742.0	137.0	198	41
5	199	742.0	192.0	199	53
5	200	742.0	247.0	200	75
5	201	742.0	302.0	201	82
5	202	742.0	357.0	202	105
5	203	742.0	412.0	203	122
5	204	742.0	467.0	204	125
5	205	742.0	522.0	205	153
5	206	742.0	577.0	206	168
5	207	742.0	632.0	207	181
5	208	742.0	687.0	208	198
5	209	742.0	742.0	209	212
5	210	742.0	797.0	210	217
5	211	797.0	27.0	211	12
5	212	797.0	82.0	212	20
5	213	797.0	137.0	213	35
5	214	797.0	192.0	214	59
5	215	797.0	247.0	215	70
5	216	797.0	302.0	216	83
5	217	797.0	357.0	217	106
5	218	797.0	412.0	218	114
5	219	797.0	467.0	219	128
5	220	797.0	522.0	220	144
5	221	797.0	577.0	221	167
5	222	797.0	632.0	222	177
5	223	797.0	687.0	223	190
5	224	797.0	742.0	224	214
5	225	797.0	797.0	225	225
6	1	27.0	27.0	1	10
6	2	27.0	82.0	2	19
6	3	27.0	137.0	3	39
6	4	27.0	192.0	4	54
6	5	27.0	247.0	5	63
6	6	27.0	302.0	6	77
6	7	27.0	357.0	7	93
6	8	27.0	412.0	8	109
6	9	27.0	467.0	9	131
6	10	27.0	522.0	10	150
6	11	27.0	577.0	11	159
6	12	27.0	632.0	12	170
6	13	27.0	687.0	13	195
6	14	27.0	742.0	14	205
6	15	27.0	797.0	15	221
6	16	82.0	27.0	16	3
6	17	82.0	82.0	17	16
6	18	82.0	137.0	18	40
6	19	82.0	192.0	19	55
6	20	82.0	247.0	20	69
6	21	82.0	302.0	21	80
6	22	82.0	357.0	22	105
6	23	82.0	412.0	23	107
6	24	82.0	467.0	24	132
6	25	82.0	522.0	25	142
6	26	82.0	577.0	26	164
6	27	82.0	632.0	27	168
6	28	82.0	687.0	28	187
6	29	82.0	742.0	29	197
6	30	82.0	797.0	30	218
6	31	137.0	27.0	31	7
6	32	137.0	82.0	32	17
6	33	137.0	137.0	33	33
6	34	137.0	192.0	34	47
6	35	137.0	247.0	35	61
6	36	137.0	302.0	36	83
6	37	137.0	357.0	37	104
6	38	137.0	412.0	38	114
6	39	137.0	467.0	39	133
6	40	137.0	522.0	40	143
6	41	137.0	577.0	41	152
6	42	137.0	632.0	42	181
6	43	137.0	687.0	43	188
6	44	137.0	742.0	44	201
6	45	137.0	797.0	45	215
6	46	192.0	27.0	46	14
6	47	192.0	82.0	47	20
6	48	192.0	137.0	48	31
6	49	192.0	192.0	49	58
6	50	192.0	247.0	50	70
6	51	192.0	302.0	51	86
6	52	192.0	357.0	52	97
6	53	192.0	412.0	53	115
6	54	192.0	467.0	54	122
6	55	192.0	522.0	55	146
6	56	192.0	577.0	56	154
6	57	192.0	632.0	57	167
6	58	192.0	687.0	58	192
6	59	192.0	742.0	59	198
6	60	192.0	797.0	60	216
6	61	247.0	27.0	61	12
6	62	247.0	82.0	62	23
6	63	247.0	137.0	63	43
6	64	247.0	192.0	64	49
6	65	247.0	247.0	65	66
6	66	247.0	302.0	66	87
6	67	247.0	357.0	67	94
6	68	247.0	412.0	68	108
6	69	247.0	467.0	69	123
6	70	247.0	522.0	70	144
6	71	247.0	577.0	71	165
6	72	247.0	632.0	72	171
6	73	247.0	687.0	73	184
6	74	247.0	742.0	74	211
6	75	247.0	797.0	75	213
6	76	302.0	27.0	76	1
6	77	302.0	82.0	77	24
6	78	302.0	137.0	78	34
6	79	302.0	192.0	79	56
6	80	302.0	247.0	80	64
6	81	302.0	302.0	81	84
6	82	302.0	357.0	82	98
6	83	302.0	412.0	83	116
6	84	302.0	467.0	84	135
6	85	302.0	522.0	85	151
6	86	302.0	577.0	86	160
6	87	302.0	632.0	87	172
6	88	302.0	687.0	88	193
6	89	302.0	742.0	89	207
6	90	302.0	797.0	90	222
6	91	357.0	27.0	91	8
6	92	357.0	82.0	92	25
6	93	357.0	137.0	93	35
6	94	357.0	192.0	94	48
6	95	357.0	247.0	95	75
6	96	357.0	302.0	96	76
6	97	357.0	357.0	97	99
6	98	357.0	412.0	98	110
6	99	357.0	467.0	99	124
6	100	357.0	522.0	100	147
6	101	357.0	577.0	101	155
6	102	357.0	632.0	102	177
6	103	357.0	687.0	103	185
6	104	357.0	742.0	104	208
6	105	357.0	797.0	105	214
6	106	412.0	27.0	106	4
6	107	412.0	82.0	107	30
6	108	412.0	137.0	108	32
6	109	412.0	192.0	109	50
6	110	412.0	247.0	110	62
6	111	412.0	302.0	111	78
6	112	412.0	357.0	112	100
6	113	412.0	412.0	113	111
6	114	412.0	467.0	114	129
6	115	412.0	522.0	115	148
6	116	412.0	577.0	116	166
6	117	412.0	632.0	117	173
6	118	412.0	687.0	118	189
6	119	412.0	742.0	119	202
6	120	412.0	797.0	120	217
6	121	467.0	27.0	121	13
6	122	467.0	82.0	122	21
6	123	467.0	137.0	123	36
6	124	467.0	192.0	124	51
6	125	467.0	247.0	125	74
6	126	467.0	302.0	126	90
6	127	467.0	357.0	127	95
6	128	467.0	412.0	128	112
6	129	467.0	467.0	129	134
6	130	467.0	522.0	130	137
6	131	467.0	577.0	131	161
6	132	467.0	632.0	132	178
6	133	467.0	687.0	133	182
6	134	467.0	742.0	134	206
6	135	467.0	797.0	135	226
6	136	522.0	27.0	136	11
6	137	522.0	82.0	137	26
6	138	522.0	137.0	138	41
6	139	522.0	192.0	139	60
6	140	522.0	247.0	140	71
6	141	522.0	302.0	141	79
6	142	522.0	357.0	142	101
6	143	522.0	412.0	143	117
6	144	522.0	467.0	144	130
6	145	522.0	522.0	145	149
6	146	522.0	577.0	146	162
6	147	522.0	632.0	147	179
6	148	522.0	687.0	148	190
6	149	522.0	742.0	149	209
6	150	522.0	797.0	150	223
6	151	577.0	27.0	151	2
6	152	577.0	82.0	152	27
6	153	577.0	137.0	153	37
6	154	577.0	192.0	154	46
6	155	577.0	247.0	155	65
6	156	577.0	302.0	156	88
6	157	577.0	357.0	157	102
6	158	577.0	412.0	158	121
6	159	577.0	467.0	159	125
6	160	577.0	522.0	160	138
6	161	577.0	577.0	161	163
6	162	577.0	632.0	162	174
6	163	577.0	687.0	163	191
6	164	577.0	742.0	164	199
6	165	577.0	797.0	165	224
6	166	632.0	27.0	166	9
6	167	632.0	82.0	167	28
6	168	632.0	137.0	168	38
6	169	632.0	192.0	169	52
6	170	632.0	247.0	170	72
6	171	632.0	302.0	171	89
6	172	632.0	357.0	172	103
6	173	632.0	412.0	173	118
6	174	632.0	467.0	174	126
6	175	632.0	522.0	175	140
6	176	632.0	577.0	176	156
6	177	632.0	632.0	177	169
6	178	632.0	687.0	178	186
6	179	632.0	742.0	179	203
6	180	632.0	797.0	180	219
6	181	687.0	27.0	181	5
6	182	687.0	82.0	182	22
6	183	687.0	137.0	183	44
6	184	687.0	192.0	184	59
6	185	687.0	247.0	185	73
6	186	687.0	302.0	186	81
6	187	687.0	357.0	187	91
6	188	687.0	412.0	188	113
6	189	687.0	467.0	189	127
6	190	687.0	522.0	190	139
6	191	687.0	577.0	191	157
6	192	687.0	632.0	192	175
6	193	687.0	687.0	193	194
6	194	687.0	742.0	194	210
6	195	687.0	797.0	195	220
6	196	742.0	27.0	196	15
6	197	742.0	82.0	197	29
6	198	742.0	137.0	198	45
6	199	742.0	192.0	199	53
6	200	742.0	247.0	200	67
6	201	742.0	302.0	201	85
6	202	742.0	357.0	202	92
6	203	742.0	412.0	203	119
6	204	742.0	467.0	204	136
6	205	742.0	522.0	205	141
6	206	742.0	577.0	206	158
6	207	742.0	632.0	207	176
6	208	742.0	687.0	208	196
6	209	742.0	742.0	209	204
6	210	742.0	797.0	210	212
6	211	797.0	27.0	211	6
6	212	797.0	82.0	212	18
6	213	797.0	137.0	213	42
6	214	797.0	192.0	214	57
6	215	797.0	247.0	215	68
6	216	797.0	302.0	216	82
6	217	797.0	357.0	217	96
6	218	797.0	412.0	218	120
6	219	797.0	467.0	219	128
6	220	797.0	522.0	220	145
6	221	797.0	577.0	221	153
6	222	797.0	632.0	222	180
6	223	797.0	687.0	223	183
6	224	797.0	742.0	224	200
6	225	797.0	797.0	225	225
7	1	27.0	27.0	1	2
7	2	27.0	82.0	2	4
7	3	27.0	137.0	3	5
7	4	27.0	192.0	4	8
7	5	27.0	247.0	5	9
7	6	27.0	302.0	6	11
7	7	27.0	357.0	7	0
7	8	27.0	412.0	8	0
7	9	27.0	467.0	9	15
7	10	27.0	522.0	10	17
7	11	27.0	577.0	11	20
7	12	27.0	632.0	12	22
7	13	27.0	687.0	13	23
7	14	27.0	742.0	14	24
7	15	27.0	797.0	15	25
7	16	82.0	27.0	16	1
7	17	82.0	82.0	17	3
7	18	82.0	137.0	18	6
7	19	82.0	192.0	19	7
7	20	82.0	247.0	20	10
7	21	82.0	302.0	21	12
7	22	82.0	357.0	22	13
7	23	82.0	412.0	23	14
7	24	82.0	467.0	24	16
7	25	82.0	522.0	25	18
7	26	82.0	577.0	26	19
7	27	82.0	632.0	27	21
7	28	82.0	687.0	28	0
7	29	82.0	742.0	29	0
7	30	82.0	797.0	30	0
7	31	137.0	27.0	31	0
7	32	137.0	82.0	32	0
7	33	137.0	137.0	33	0
7	34	137.0	192.0	34	0
7	35	137.0	247.0	35	0
7	36	137.0	302.0	36	0
7	37	137.0	357.0	37	0
7	38	137.0	412.0	38	0
7	39	137.0	467.0	39	0
7	40	137.0	522.0	40	0
7	41	137.0	577.0	41	0
7	42	137.0	632.0	42	0
7	43	137.0	687.0	43	0
7	44	137.0	742.0	44	0
7	45	137.0	797.0	45	0
7	46	192.0	27.0	46	0
7	47	192.0	82.0	47	0
7	48	192.0	137.0	48	0
7	49	192.0	192.0	49	0
7	50	192.0	247.0	50	0
7	51	192.0	302.0	51	0
7	52	192.0	357.0	52	0
7	53	192.0	412.0	53	0
7	54	192.0	467.0	54	0
7	55	192.0	522.0	55	0
7	56	192.0	577.0	56	0
7	57	192.0	632.0	57	0
7	58	192.0	687.0	58	0
7	59	192.0	742.0	59	0
7	60	192.0	797.0	60	0
7	61	247.0	27.0	61	0
7	62	247.0	82.0	62	0
7	63	247.0	137.0	63	0
7	64	247.0	192.0	64	0
7	65	247.0	247.0	65	0
7	66	247.0	302.0	66	0
7	67	247.0	357.0	67	0
7	68	247.0	412.0	68	0
7	69	247.0	467.0	69	0
7	70	247.0	522.0	70	0
7	71	247.0	577.0	71	0
7	72	247.0	632.0	72	0
7	73	247.0	687.0	73	0
7	74	247.0	742.0	74	0
7	75	247.0	797.0	75	0
7	76	302.0	27.0	76	0
7	77	302.0	82.0	77	0
7	78	302.0	137.0	78	0
7	79	302.0	192.0	79	0
7	80	302.0	247.0	80	0
7	81	302.0	302.0	81	0
7	82	302.0	357.0	82	0
7	83	302.0	412.0	83	0
7	84	302.0	467.0	84	0
7	85	302.0	522.0	85	0
7	86	302.0	577.0	86	0
7	87	302.0	632.0	87	0
7	88	302.0	687.0	88	0
7	89	302.0	742.0	89	0
7	90	302.0	797.0	90	0
7	91	357.0	27.0	91	0
7	92	357.0	82.0	92	0
7	93	357.0	137.0	93	0
7	94	357.0	192.0	94	0
7	95	357.0	247.0	95	0
7	96	357.0	302.0	96	0
7	97	357.0	357.0	97	0
7	98	357.0	412.0	98	0
7	99	357.0	467.0	99	0
7	100	357.0	522.0	100	0
7	101	357.0	577.0	101	0
7	102	357.0	632.0	102	0
7	103	357.0	687.0	103	0
7	104	357.0	742.0	104	0
7	105	357.0	797.0	105	0
7	106	412.0	27.0	106	0
7	107	412.0	82.0	107	0
7	108	412.0	137.0	108	0
7	109	412.0	192.0	109	0
7	110	412.0	247.0	110	0
7	111	412.0	302.0	111	0
7	112	412.0	357.0	112	0
7	113	412.0	412.0	113	0
7	114	412.0	467.0	114	0
7	115	412.0	522.0	115	0
7	116	412.0	577.0	116	0
7	117	412.0	632.0	117	0
7	118	412.0	687.0	118	0
7	119	412.0	742.0	119	0
7	120	412.0	797.0	120	0
7	121	467.0	27.0	121	0
7	122	467.0	82.0	122	0
7	123	467.0	137.0	123	0
7	124	467.0	192.0	124	0
7	125	467.0	247.0	125	0
7	126	467.0	302.0	126	0
7	127	467.0	357.0	127	0
7	128	467.0	412.0	128	0
7	129	467.0	467.0	129	0
7	130	467.0	522.0	130	0
7	131	467.0	577.0	131	0
7	132	467.0	632.0	132	0
7	133	467.0	687.0	133	0
7	134	467.0	742.0	134	0
7	135	467.0	797.0	135	0
7	136	522.0	27.0	136	0
7	137	522.0	82.0	137	0
7	138	522.0	137.0	138	0
7	139	522.0	192.0	139	0
7	140	522.0	247.0	140	0
7	141	522.0	302.0	141	0
7	142	522.0	357.0	142	0
7	143	522.0	412.0	143	0
7	144	522.0	467.0	144	0
7	145	522.0	522.0	145	0
7	146	522.0	577.0	146	0
7	147	522.0	632.0	147	0
7	148	522.0	687.0	148	0
7	149	522.0	742.0	149	0
7	150	522.0	797.0	150	0
7	151	577.0	27.0	151	0
7	152	577.0	82.0	152	0
7	153	577.0	137.0	153	0
7	154	577.0	192.0	154	0
7	155	577.0	247.0	155	0
7	156	577.0	302.0	156	0
7	157	577.0	357.0	157	0
7	158	577.0	412.0	158	0
7	159	577.0	467.0	159	0
7	160	577.0	522.0	160	0
7	161	577.0	577.0	161	0
7	162	577.0	632.0	162	0
7	163	577.0	687.0	163	0
7	164	577.0	742.0	164	0
7	165	577.0	797.0	165	0
7	166	632.0	27.0	166	0
7	167	632.0	82.0	167	0
7	168	632.0	137.0	168	0
7	169	632.0	192.0	169	0
7	170	632.0	247.0	170	0
7	171	632.0	302.0	171	0
7	172	632.0	357.0	172	0
7	173	632.0	412.0	173	0
7	174	632.0	467.0	174	0
7	175	632.0	522.0	175	0
7	176	632.0	577.0	176	0
7	177	632.0	632.0	177	0
7	178	632.0	687.0	178	0
7	179	632.0	742.0	179	0
7	180	632.0	797.0	180	0
7	181	687.0	27.0	181	0
7	182	687.0	82.0	182	0
7	183	687.0	137.0	183	0
7	184	687.0	192.0	184	0
7	185	687.0	247.0	185	0
7	186	687.0	302.0	186	0
7	187	687.0	357.0	187	0
7	188	687.0	412.0	188	0
7	189	687.0	467.0	189	0
7	190	687.0	522.0	190	0
7	191	687.0	577.0	191	0
7	192	687.0	632.0	192	0
7	193	687.0	687.0	193	0
7	194	687.0	742.0	194	0
7	195	687.0	797.0	195	0
7	196	742.0	27.0	196	0
7	197	742.0	82.0	197	0
7	198	742.0	137.0	198	0
7	199	742.0	192.0	199	0
7	200	742.0	247.0	200	0
7	201	742.0	302.0	201	0
7	202	742.0	357.0	202	0
7	203	742.0	412.0	203	0
7	204	742.0	467.0	204	0
7	205	742.0	522.0	205	0
7	206	742.0	577.0	206	0
7	207	742.0	632.0	207	0
7	208	742.0	687.0	208	0
7	209	742.0	742.0	209	0
7	210	742.0	797.0	210	0
7	211	797.0	27.0	211	0
7	212	797.0	82.0	212	0
7	213	797.0	137.0	213	0
7	214	797.0	192.0	214	0
7	215	797.0	247.0	215	0
7	216	797.0	302.0	216	0
7	217	797.0	357.0	217	0
7	218	797.0	412.0	218	0
7	219	797.0	467.0	219	0
7	220	797.0	522.0	220	0
7	221	797.0	577.0	221	0
7	222	797.0	632.0	222	0
7	223	797.0	687.0	223	0
7	224	797.0	742.0	224	0
7	225	797.0	797.0	225	0
